3.854917
2.223986	
1.841030	
1.683758	
1.577413	
1.487889	
1.415567	
1.348526	
1.291270	
1.237482
1.189995	
1.143611	
1.103280	
1.064559	
1.030142	
0.998566
0.967940	
0.939460	
0.913890
0.913894

0.891531
0.868416
0.847510
0.826183
0.807046
0.789031
0.772152
0.754619
0.739491
0.725329
0.711293
0.697521
0.685479
0.672383
0.660261
0.650065
0.638519
0.628102
0.617856

0.551859
0.524509
0.511502
0.499638
0.490881
0.482561
0.474683
0.466760
0.461613
0.454929
0.448250
0.443360
0.437031
0.432602
0.425635
0.422632
0.417692
0.412509
0.408557
0.403491

0.401651
0.395561
0.393480
0.387668
0.383801
0.380327
0.376926
0.373104
0.370100
0.366232
0.363736
0.359595
0.356681
0.354919
0.351036
0.348422
0.345738
0.342562
0.340985
0.336486